team,goals,penalty_shootout_goals,regulation_penalties_taken,regulation_penalties_scored,regulation_penalties_xg,xg_non_pen,shots_total_ex_shootout,shots_on_target_ex_shootout,first_time_shots,headers,passes,passes_completed,pass_accuracy_pct,long_passes_>30m,crosses,through_balls,switch_passes,key_passes,assists,carries,progressive_carries_dx>10,dribbles,interceptions,pressures,clearances,blocks,duels_won,aerial_duels,fouls_committed,fouls_won,yellow_cards,red_cards,possession_pct,GA,PKA,FK,CK,OG,PSxG,PSxG/SoT,PSxG+/-,Cmp,Att,Cmp%,Att (GK),Thr,Launch%,AvgLen,Att_1,Launch%_1,AvgLen_1,Opp,Stp,Stp%,#OPA,#OPA/90,AvgDist,Qualify
Argentina,2.143,1.143,0.714,0.571,0.56,1.431,14.429,6.857,3.714,1.429,659.286,562.714,84.873,103.143,11.714,4.571,14.429,10.429,1.143,537.571,51.429,17.429,10,140,20.143,18,3.857,16.286,16.286,18.857,0.857,0,58.6,1.04,0.26,0,0,0.13,0.7,0.04,-1.6,1.95,10.13,19.2,19.09,4.42,5.04,34.3,5.06,6.99,45.9,11.43,1.56,13.6,0.65,0.65,1.66,1
Australia,0.75,0,0,0,0,0.394,6.5,2,2.25,1.75,426.75,317.75,73.417,95.5,8.75,0.25,12.5,4.25,0.5,290.25,23.75,12,10.5,137.25,23.75,27.5,4.5,22.25,15,8.25,0,0,37.052,1.5,0,0,0.25,0,1.38,0.08,-0.5,9.5,21.25,44.7,31.5,3.25,12.7,38.5,9.5,13.83,45.1,15.75,0.75,4.8,1.5,1.5,3.88,1
Belgium,0.333,0,0,0,0,1.232,11.667,3.333,3.667,2.333,622.333,532.667,85.523,108,10,5,11,9,0.333,510.333,38.333,12.333,7.667,103,22,18.667,3,12.667,10.333,13.667,0,0,55.3,0.67,0,0,0,0,1.37,0.09,2.1,3.33,7.67,43.5,29,5,5.73,26.7,12,7.4,33.5,12,0.33,2.8,0.67,0.67,4.67,0
Brazil,1.6,0.4,0.2,0.2,0.157,1.944,19,8.6,6.6,2.6,639.2,555.2,86.812,87.4,15.6,1.8,11.6,13.2,1,532.8,53.8,20,8.4,121,13.8,17.6,4.4,15.2,13.2,15.4,0,0,56.988,0.57,0,0,0,0,0.58,0.06,0.1,1.89,4.15,45.5,19.25,4.15,2.77,25.8,5.09,4.89,29.6,9.81,0,0,1.7,1.69,2.92,1
Cameroon,1.333,0,0,0,0,1.022,9.333,5.333,3,1.667,420.333,323.333,76.233,103.667,11,1,17,7,1,309.667,38.667,14.333,15.333,134.333,22.333,15.333,2,18.667,12,14.333,0.333,0,43.15,1.33,0,0,0,0,1.63,0.11,0.9,9.67,22.33,43.3,36,5.67,14.2,38.3,11.33,20.6,46.8,19,1,5.3,0,0,2.73,0
Canada,0.333,0,0.333,0,0.261,1.049,11.667,1.667,3.667,2.667,523.667,439.333,83.853,105.333,12.333,1.667,15,8.667,0.333,435.333,41,25,10.667,126.667,17,16.333,2.667,10,12.333,13.333,0.333,0,54.51,2.33,0,0,0,0,1.8,0.12,-1.6,3.67,9.67,37.9,27.33,7.33,10.57,30.1,5,6.67,28.3,9.67,0,0,0.67,0.67,5.03,0
Costa Rica,0.667,0,0,0,0,0.411,3.667,2,2,0.333,364.667,276.667,74.77,80,6,1,12,2,0.333,267,23,11.333,12,145,27,21,3.667,14,10.333,13,0,0,31.933,3.67,0.33,0,0,0,3.2,0.13,-1.4,6.67,19.33,34.5,22,4.67,17.17,41.7,11.67,22.87,49.3,17,0.67,3.9,0.67,0.67,3.3,0
Croatia,1.143,1,0,0,0,0.986,11.286,3.714,3.571,1.714,644.429,542.286,84.033,106.714,16.571,1.429,17,8.286,1.143,524.857,53.429,13,12.143,135.571,22.429,18.571,5.286,15.714,14.429,14.714,0.429,0,54.423,0.91,0.13,0,0.13,0,1.36,0.04,3.5,4.03,8.18,49.2,23.12,5.97,3.14,26.7,6.49,5.19,34.9,12.86,1.04,8.1,0.39,0.39,1.4,1
Denmark,0.333,0,0,0,0,1.064,11.667,3.667,4.333,3,642.667,537.667,83.737,115,13.333,1,25,8.667,0,542.333,44.667,15.667,11,112,21.333,19.667,4,23.333,11.333,8,0,0,59.06,1,0,0,0,0,1.23,0.11,0.7,3,8,37.5,23.67,4,8.93,30.2,5.33,10.43,35.8,12.67,0,0,1.67,1.67,6.4,0
Ecuador,1.333,0,0.333,0.333,0.261,1.008,10,3.667,3,2.667,482.333,384.333,79.543,103.333,9.333,1,11.333,5.667,0.333,358.667,29.667,12,10.667,139,17,20,6,21.333,16.667,13,0,0,53.507,1,0.33,0,0,0,0.7,0.09,-0.9,3.67,13.33,27.5,17.67,2,15.73,38.3,7,23.8,52,8.67,0.33,3.8,0.67,0.67,4.33,0
England,2.6,0,0.4,0.2,0.313,1.434,12.6,5.6,5.4,2,647.6,560,86.286,110.8,11.4,0.8,20.6,9,1.8,524.8,46.4,12.4,9.2,97,11.6,14.2,3.4,16.4,11.4,15.4,0,0,63.994,0.8,0.2,0,0.2,0,0.5,0.05,-1.5,4,10.2,39.2,24.6,2.8,5.52,29.2,7.2,9.44,45.9,7.8,0.4,5.1,1,1,3.24,1
France,2.286,0.286,0.286,0.286,0.224,1.465,14.571,5,5.143,3.143,560.857,470.143,83.277,103.429,13.429,1.286,14.143,11.286,1.714,453.429,48.714,18.571,13.571,129.286,16.286,17.857,4.857,14.857,10.714,14.286,0.143,0,51.113,1.1,0.41,0,0.14,0,1.26,0.03,1.2,4.79,15.34,31.3,20.14,3.84,6.62,36.7,8.9,8.64,47.6,12.19,1.1,9,0.68,0.68,1.6,1
Germany,2,0,0.333,0.333,0.261,2.483,22.667,8,6.667,3.667,654.333,561,84.437,112.667,15.667,5.333,17,17,1.333,494.333,48.667,20.667,11,128,10.333,20,3.333,14,10.333,10,0,0,59.983,1.67,0,0,0,0,1.7,0.15,0.1,2.33,5,46.7,37.33,5.33,4.17,25.7,5,2.23,26,7.33,0,0,2,2,6.77,0
Ghana,1.667,0,0.333,0,0.261,0.857,8.333,3.333,2,1.333,416,328.667,79.03,82.667,8,1.333,8,4.667,0.333,329.667,35.667,20.333,9,137.333,31.667,23.667,5,25.333,17,13.667,0.333,0,43.05,2.33,0.33,0,0,0,2.17,0.11,-0.5,4.33,12,36.1,15.67,2.67,17.73,41.6,10.33,11.83,35,19.33,0.67,3.4,0.33,0.33,3.8,0
Iran,1.333,0,0.333,0.333,0.261,1.016,11,3,3.333,1.333,375,264,68.86,101.333,14,2.667,13,7.667,0.667,260.667,33,11,15.667,150.667,16,19.667,3.667,19.667,17.333,9.667,0.667,0,34.677,2.33,0,0,0.33,0,1.83,0.12,-1.5,4.33,15.33,28.3,17.67,5.67,17.6,41,7.67,26.1,52.3,15.33,1.33,8.7,0,0,2.43,0
Japan,1.25,0.25,0,0,0,1.062,11,3.5,3.25,1.75,437,338.75,75.785,84,9.5,0.75,8,7,0.75,317.5,32.75,12.25,12.75,173,26.5,25,3.75,21.5,15.75,10.75,0,0,34.625,0.93,0.23,0,0,0,1.23,0.06,1.3,2.79,12.56,22.2,19.77,2.79,10.4,35.8,6.28,13.79,44.3,14.19,0.93,6.6,0,0,1.95,1
Mexico,0.667,0,0,0,0,1.019,13.667,5,4.667,1.667,478.333,369.333,76.987,102.667,16,1,14.667,8.667,0.333,366.333,42.667,10.667,13,127.333,19,15.667,4.333,20,17.667,16.333,0,0,53.333,2,0.25,0,0,0,1.65,0.08,-1.4,2.75,10.5,26.2,24.75,3,7.08,31.5,7.25,12.08,43.3,11.75,0.75,6.4,1.25,1.25,3.8,0
Morocco,0.857,0.429,0,0,0,0.792,8.857,2.286,2.286,1.571,409.286,327.429,78.939,87.429,8,1.571,16,6.143,0.571,326.143,37.714,14.857,12.714,155,24.429,19.143,4.286,15.429,16.429,12.571,0.286,0,38.806,1,0,0,0.33,0,1,0.11,0,3.33,8,41.7,27,4,6.6,28.1,8.67,10.27,32.8,9.33,0,0,1,1,4.3,1
Netherlands,2,0.6,0,0,0,0.999,8.6,3.2,3.8,1.6,601,500.2,82.204,101.2,10,3.2,10.2,6.8,1.6,449,39,12.4,10.2,146,22,20.4,5.4,17.4,19.8,11,1.4,0,50.72,0.68,0,0,0,0.14,0.53,0.04,-0.1,5.07,12.6,40.2,22.19,2.74,4.14,31.3,10,8.07,45.7,14.93,0.68,4.6,0.82,0.82,1.74,1
Poland,0.75,0,0.5,0.25,0.392,0.774,7.75,1.75,3,2,381,297.75,77.707,86.75,8,0.5,11,5,0.25,270.25,27.75,9.75,9.5,115.75,27.75,19.25,3,16.5,13,12.75,0,0,37.47,0.75,0.19,0,0,0,1.23,0.05,2.5,4.15,10.38,40,28.68,6.42,4.85,29.2,7.55,7.55,35.7,11.89,1.13,9.5,0.94,0.94,2.51,1
Portugal,2.4,0,0.4,0.4,0.314,1.149,13.2,5.2,4.2,2,625.8,531,84.764,112.8,13.2,4,19.6,10,1.8,502.8,43.6,13,6,106,17.4,14.8,3.6,15.4,11.8,14.8,0.2,0,61.232,1.25,0,0,0,0,1.95,0.06,2.8,10,23.75,42.1,25.25,3.25,16.83,43.3,10.25,16.48,46.4,16.5,0.25,1.5,0,0,1.98,1
Qatar,0.333,0,0,0,0,0.469,6.667,2,1.667,1.333,468.667,380,81.063,100,10,1.333,19.667,5.333,0.333,365.667,45,11.667,9,125,18.667,13.333,2.333,13,12,15,0,0,43.12,1.2,0,0,0.4,0,1.16,0.07,-0.2,2.6,10.4,25,24.2,4.4,6.44,33.4,7.4,7.02,38.4,9.4,0.6,6.4,1.6,1.6,3.16,0
Saudi Arabia,1,0,0.333,0,0.261,0.806,10,3,2.667,1.667,396.667,293.333,71.05,84.667,8.333,1,14.667,6,0.667,289,30.333,13.667,13.667,131,25.333,19.333,2.667,20.333,19.667,13,1.667,0,44.457,2.33,0.33,0,0.33,0,1.43,0.12,-2.7,2.67,7.33,36.4,19,4.33,11.1,25.6,8.33,4,22.1,11,0.33,3,1,1,4.9,0
Senegal,1.25,0,0.25,0.25,0.196,0.873,12.5,3,4,2,424,335.5,78.03,97.75,11,1,16,8.5,0.5,323,38.5,13.25,7.75,128,28.25,15.25,2.5,16.25,12.25,16,0,0,46.017,1.67,0.33,0.33,0.33,0,2.27,0.1,1.8,5.33,17.67,30.2,23.67,4.67,15.97,40.5,9.67,21.83,48.3,18.33,1.33,7.3,4.67,4.67,6,1
Serbia,1.667,0,0,0,0,1.03,10.667,3,3,3.333,501,395.333,78.89,97,14,1.667,15,7.333,1.333,385.667,43.333,7.667,8.333,120,20.333,22,4.333,17.667,16,10,1.667,0,50.94,1.75,0,0,0.25,0,1.35,0.1,-1.6,3.75,11,34.1,23,3.75,10.05,35.5,7,6.25,28.6,16,0.75,4.7,0.5,0.5,2.95,0
South Korea,1.25,0,0,0,0,0.901,12,4.5,2.75,2,502.75,408.75,80.925,111.75,12.75,0.75,24,8.25,0.75,387.5,31.75,10.5,11.75,128.75,20.25,15.75,3.5,18.25,11.75,8.75,0.25,0,48.338,2.67,0,0,0.33,0,2.57,0.11,-0.3,5.67,16.67,34,34.67,7,11.23,34.2,7,23.8,57.2,9.33,1,10.7,2.67,2.67,6.77,1
Spain,2.25,0,0.25,0.25,0.196,0.993,12,4,4,1.5,978.5,885,90.123,122.25,13.75,4.75,15.5,9,1.25,814.5,74.75,19.25,9.25,111.25,8.75,13.75,3.5,12.5,11,14.25,0,0,74.903,0.7,0,0,0,0,0.86,0.1,0.7,1.63,2.56,63.6,31.63,4.42,1.72,22,5.58,0.98,20.3,5.12,0.93,18.2,1.4,1.38,3.65,1
Switzerland,1.25,0,0,0,0,1.523,9.25,3.25,4.5,1.25,508.75,418.25,82.025,84,8.75,3.5,11.5,7,1,392.75,47.25,6.25,10.75,111,24.25,13.25,3,15.25,15.25,13.5,0.25,0,47.485,2.09,0,0,0.23,0,2.02,0.09,-0.3,1.63,5.12,31.8,27.44,5.35,3.74,23.9,6.74,2.4,23.3,15.81,0.47,2.9,0.23,0.25,2.28,1
Tunisia,0.333,0,0,0,0,0.803,10.667,2.667,3.667,1.333,442,332,75.27,101,11.333,2.333,10.333,7,0.333,338,30,13.333,11,120.333,34,23,5.333,23.667,13.667,11.667,0,0,44.63,0.33,0,0,0,0,0.8,0.08,1.4,5,13.67,36.6,19,2.33,16.97,39.9,6.67,20,46.6,17.33,0,0,0,0,4,0
United States,0.75,0,0,0,0,0.984,11.5,3.25,2.5,2.5,550.25,455.5,82.767,93.25,13.75,1.75,15.5,9.25,0.75,459,62.5,14,10,134.25,20.5,18.25,2,21.25,12.75,12.25,0,0,54.27,1,0.25,0,0,0,0.85,0.05,-0.6,3.25,9.5,34.2,27,6,6.03,29.4,5,15,48.1,10.5,1.75,16.7,1.25,1.25,3.45,1
Uruguay,0.667,0,0,0,0,1.09,11,3.333,3,2.667,492.333,387.667,78.303,103.333,12,1,11.667,9,0.333,350.333,36.333,11.333,12,124.667,24.333,23.333,4.333,19,11.333,13.333,1.667,0,46.347,0.67,0.33,0,0,0,1,0.05,1,2,9,22.2,18,2,12.33,33.4,8,9.73,29.9,11,0.67,6.1,0.67,0.67,3.67,0
Wales,0.333,0,0.333,0.333,0.261,0.479,8,2.333,3,1.333,451,350.333,77.643,102,9.333,1.667,16,5.667,0,331.667,31.667,11.667,8,118,26,23.667,1,17.667,12.667,12.333,0,0,46.703,2,0,0.33,0,0,1.63,0.12,-1.1,7.67,17.67,43.4,26.67,6.67,15,32.9,8.33,22.67,49,16,1,6.3,0.67,0.67,2.47,0
Albania,1,0,0,0,0,0.728,10.667,4.333,3.667,1,392.667,318.333,80.88,76.333,6.667,0.333,9.333,7.333,0.333,322.333,27.667,6.333,13.667,146.667,18.667,22.667,4.333,15.333,10.333,13.333,0.667,0,35.743,1.67,0,0,0.33,0.33,1.97,0.11,1.9,7,15.67,0.45,20.67,4.67,16.13,12.33,10,18.9,15.67,16.33,1,2.03,0,0.00,1.97,0
Austria,1.5,0,0.25,0.25,0.196,1.333,12.5,5.5,3.75,3.5,517.5,421.5,81.392,87.75,14.75,3,12.25,9.75,1,415.5,46.5,12.25,11.75,180.5,13.25,25.5,3.25,19,17,11.75,0.75,0,51.255,1.5,0,0,0.75,0.25,1.2,0.11,-0.2,4.5,10.5,0.43,30.75,3.25,7.33,7.53,6.25,6,6.45,14,0.75,1.35,1.25,0.31,4.15,1
Belgium,0.5,0,0,0,0,1.095,13.25,5,4,0.5,551.75,469.75,85.082,95.25,8.75,1.75,14.75,9,0.25,471.75,41.5,14.25,5,109.75,14,19.75,2.75,9.75,11.75,11.25,0.25,0,55.195,0.5,0,0,0,0.25,0.68,0.05,1.7,2,7.75,0.26,25,4.75,4.75,6.78,10.5,7.15,7.53,12,1,2.08,1,0.25,3.45,1
Croatia,0.667,0,0.667,0,0.523,1.419,14.333,5.667,3,4.333,595,518.333,87.02,80.667,15.333,1.667,10.333,10.333,0.333,503.333,51,15.667,11,182,13.667,24,2.667,14.667,17.333,12.333,0.667,0,55.203,2,0,0,0.33,0,2.2,0.15,0.6,3.33,11,0.30,25.33,6.67,12.27,10.9,5.67,9.8,10.03,11.67,0,0,1.67,0.56,5.43,0
Czech Republic,1,0,0,0,0,1.53,14.667,6,4,3.667,369,275.667,72.117,87.333,17.333,0.333,9.667,9.333,0.333,277.667,37,12.667,8.667,138.333,20,20.667,4.333,19.667,15.667,8.667,1.333,0.333,41.36,1.67,0.33,0,0,0.33,1.67,0.11,1,7,18.33,0.38,21.33,3.33,19.8,12.67,9.67,19.53,15.57,13.33,1,2.5,0,0.00,2.57,0
Denmark,0.5,0,0,0,0,0.967,13,4,5.25,2.75,590.25,498.25,84.14,87.25,12,1.75,16.25,11,0.5,468.75,28.75,7.25,6.75,140.25,14.75,13.75,2.75,16.5,13.75,8.5,0.5,0,53.162,1,0.25,0,0.25,0,1.5,0.08,2,4.5,9.25,0.49,21,3.25,6.85,7.6,7,12.5,9.6,9.25,0.5,1.35,0,0.00,2.05,1
England,1.143,0.714,0.143,0.143,0.112,0.83,10.857,3.143,3,2,648.571,562.714,86.159,106.857,12.429,2.286,18.571,7.714,0.714,544.286,41.286,12.857,5.429,126.571,14,18.571,3.429,15.714,10.143,15.429,0.286,0,55.523,0.78,0,0,0,0,0.75,0.03,-0.2,5.97,15.58,0.38,33.12,4.94,4.32,4.17,6.75,8.74,6.87,10.78,0.39,0.47,0.52,0.07,1.86,1
France,0.333,0.833,0.167,0.167,0.131,1.235,16,4,4.5,2.333,575.5,505.333,87.217,83.333,16.5,1.167,16.167,13.833,0.167,482,56.167,15.667,8,134.5,17,18.833,3.333,7.5,12.5,14.167,0.333,0,52.212,0.48,0.16,0,0,0,0.84,0.04,2.3,1.27,5.24,0.24,20.63,4.29,3.67,4.71,5.56,1.37,3.62,12.38,0.48,0.6,1.59,0.25,2.41,1
Georgia,1,0,0.5,0.5,0.392,0.663,7.5,2,2.5,0.25,356.25,282,78.502,73.25,8,0.5,12,5.5,0.5,292,36,18.75,7.25,128.5,27.75,24.5,5.5,17.75,10.5,11.75,0.5,0,34.998,2,0,0,0.25,0,3.03,0.08,4.1,4.5,18.5,0.24,19.75,5.25,13.6,10.73,11.25,17.23,13.08,26.5,2.25,2.13,0.25,0.06,1.75,1
Germany,2.2,0,0.4,0.4,0.314,1.432,19,6.8,5.6,4,680.4,601.2,88.2,88.6,16.2,3.4,13.6,15.4,1.6,589.4,47.2,12.4,7.2,141.4,13.6,16,3,13.4,14.4,15.2,0.8,0,62.998,0.75,0,0,0,0.19,0.92,0.07,1.9,1.7,4.34,0.39,23.4,5.47,2.89,5.13,3.96,3.58,3.98,7.92,0.38,0.91,0.38,0.07,2.92,1
Hungary,0.667,0,0,0,0,1.111,10.333,3,3.333,2,408.667,313.333,76.613,89,11,1,10,6.667,0.667,286,23.333,11.667,8,176.333,25.333,20.333,2.667,22,14.333,14.333,1.333,0,39.87,1.67,0,0,0,0,1.8,0.13,0.4,3.33,10,0.33,26,5.67,10.27,10.6,6.33,10.53,10.47,14.33,0.33,0.77,0.33,0.11,3.37,0
Italy,0.75,0,0,0,0,0.826,11.25,2.25,3.5,2.5,625.75,543,85.98,78.5,11,1.75,12.75,7.5,0.25,523.25,36.5,8.5,6.75,147,12.25,16,2,9,12.5,15.25,0.25,0,52.778,1.25,0,0,0,0.25,1.5,0.08,2,2.5,5.75,0.43,19.5,4,6.1,6.58,6,4.18,5.3,10.25,0.75,1.83,0.5,0.13,2.53,1
Netherlands,1.5,0,0,0,0,1.22,13.833,3.833,3.5,3,519.5,446.5,85.912,79.5,11,1.5,9.667,11,1.167,421.167,34,11.667,9.167,108,15.667,15.167,3.667,10.833,12.333,10.5,0.667,0,53.353,1.17,0.17,0,0.33,0.17,1.22,0.05,1.3,4.5,9.5,0.47,28.17,3.5,4.73,4.65,6.67,3.75,4.55,12.67,0.83,1.1,0.33,0.06,1.95,1
Poland,1,0,0.333,0.333,0.261,0.914,12.333,4.333,4,2,396.667,320,80.34,63,10,2,8.667,7.667,0.333,325.667,39.333,12.333,8.667,157.333,23.333,26.333,2.333,14.667,15,13,0,0,41.737,2,0.67,0,0,0,2.47,0.09,1.4,3,12,0.25,19,4,14.03,11.2,12.67,10.53,10.07,14.67,0.33,0.77,1.67,0.56,4.77,0
Portugal,0.6,1.2,0.2,0,0.157,1.688,17.6,5,5,3.6,774,680.2,87.848,106.8,20.2,2.6,22.4,12.4,0.2,659,69,22.6,6.8,129.6,17.2,20.6,4.8,11.8,8.8,14.4,0.6,0,64.976,0.53,0.18,0,0,0,0.61,0.03,0.5,1.05,3.16,0.33,21.23,5.09,2.32,4.77,5.96,1.04,4.12,7.19,0.35,0.86,1.05,0.18,3.68,1
Romania,1,0,0.25,0.25,0.196,0.743,9.5,3.75,2,0.75,336.75,248.25,73.395,81.25,7.75,1.5,11.75,5.75,0.5,243.5,25.25,9.25,7.5,137.5,23.75,17.75,3,17,12.25,9.75,0.25,0,39.255,1.5,0,0,0,0,1.55,0.08,0.2,8.75,23,0.38,25.25,2.75,13.85,10,11.75,19.15,12.95,16.25,0.5,0.78,1.25,0.31,3.5,1
Scotland,0.333,0,0,0,0,0.339,5.667,1,1.667,2,410.667,320.667,77.453,80.667,9,1,8.333,4.333,0.333,301.333,22.667,5.667,6,137,21.333,18,2.667,18.333,13,13.333,0.333,0,45.543,2.33,0.33,0,0,0,1.77,0.08,-1.7,9.33,23,0.41,30,4.33,17.77,12.7,9,25.93,18.37,15,0.67,1.47,3.33,1.11,6,0
Serbia,0.333,0,0,0,0,0.678,8.667,2,3,2.667,558.667,466,83.34,102.667,13,0.667,13.667,6.333,0.333,442.333,43.333,8,6,129,18.333,16,3,22.667,14.667,12.667,0.667,0,51.277,0.67,0,0,0,0,1.03,0.1,1.1,4.33,15.33,0.28,28.33,6.33,15.7,12.2,5.67,11.77,12.2,11.33,1.33,3.93,0.33,0.11,2.8,0
Slovakia,1,0,0,0,0,0.957,12.5,4,3.5,2.25,501.5,404.25,80.117,103.75,10.25,1,15.75,9.25,0.75,383.25,36.5,10,9.75,133.25,20,17.75,2.75,15.5,13.25,13.5,0.5,0,47.81,1.16,0.23,0,0,0,1.16,0.06,0,4.19,14.19,0.30,29.77,4.65,8,7,7.67,11.98,9.6,13.26,0.47,0.81,0.93,0.22,2.74,1
Slovenia,0.5,0,0,0,0,0.85,9.25,2.25,3.25,0.75,344,248,72.045,93,9.75,1.5,10,5.75,0.25,250,28.5,11,9,184.25,28,25,4.5,20.5,14.5,9.25,0.25,0,32.545,0.47,0,0,0.23,0,1.35,0.07,3.8,6.98,18.14,0.38,18.84,2.33,14.35,10.19,10.93,13.86,10.37,23.02,0.7,0.7,0.23,0.05,2,1
Spain,2,0,0,0,0,1.511,17.571,6.143,3.857,2.857,619.286,544,87.471,93.857,12.714,1.429,14.857,15.429,1.714,531.571,56.857,17.143,6.714,161.143,16.286,19,3,13.143,14.714,12.429,0.429,0,58.17,0.55,0,0,0,0.14,0.93,0.04,3.8,4.11,11.23,0.37,32.05,5.34,3.34,3.25,6.99,6.71,5.34,11.37,0.82,0.99,0.68,0.09,2.6,1
Switzerland,1.6,0.6,0,0,0,1.07,11.6,4.2,3.8,0.8,509.6,430.2,83.464,82.6,9.2,3.2,10.6,8,1,422,39.4,9.4,8.2,165.2,21.2,21.6,4,16.2,13.2,12,0,0,47.686,0.75,0,0,0,0,0.85,0.07,0.5,1.32,6.23,0.21,25.09,4.72,3.11,4.87,6.23,6.28,5.62,15.47,1.32,1.6,0.19,0.04,1.72,1
Turkey,1.6,0,0,0,0,1.293,14.4,4.2,4.6,2,489,408.8,83.01,85.4,10.8,0.6,12.8,10.2,1,402.8,43.8,15,9.4,126.2,21,19.6,2.6,17,10.6,12.2,2,0.2,49.392,1.6,0,0,0.4,0.4,1.5,0.07,1.5,3.6,13,0.28,24.4,4,8.04,8.16,8.2,7.8,7.52,16.2,1.4,1.72,0.6,0.12,2.04,1
Ukraine,0.667,0,0,0,0,0.995,13.333,4,3.333,1.333,497,420.333,84.48,86.333,9.667,3.333,12.667,11,0.667,418.333,45.667,9,8.667,139.667,14,17.333,3.667,11,12,10.667,0,0,48.437,1.33,0,0,0.33,0,1.4,0.11,0.2,2.33,6,0.39,23.33,4.67,4.77,5.83,7.67,11.6,11.3,11,0,0,1.33,0.44,0.33,0
